4 3 2 2 
20
1.0 3.2 2.1 1.5 2.0 150.00 0
1.0 2.5 1.8 1.2 1.5 200.00 1
1.0 4.0 3.0 2.0 2.5 100.00 1
2.0 3.5 2.5 1.8 2.2 175.00 1
2.5 2.8 2.0 1.3 1.8 220.00 0
3.0 3.0 2.2 1.6 2.1 190.00 1
5.0 2.9 1.9 1.4 1.7 250.00 1
5.5 3.3 2.3 1.7 2.3 130.00 0
6.0 3.1 2.4 1.5 2.0 210.00 1
8.0 2.7 2.0 1.3 1.9 180.00 0
8.0 3.4 2.6 1.8 2.4 240.00 1
8.5 2.6 1.7 1.2 1.6 160.00 0
10.0 3.2 2.1 1.5 2.0 200.00 1
10.0 2.9 2.3 1.4 1.8 195.00 1
12.0 3.0 2.0 1.6 2.1 170.00 0
15.0 3.5 2.5 1.7 2.2 230.00 1
15.0 2.8 1.9 1.3 1.7 145.00 0
18.0 3.1 2.2 1.5 2.0 215.00 1
20.0 2.7 2.1 1.4 1.9 185.00 0
20.0 3.3 2.4 1.6 2.3 255.00 1